50
1
34.72038988
53.84694908
55.93210298
71.5062159
83.49762515
27.38524905
96.21294587
22.34759591
97.94683023
1.37360597
13.27646206
87.61895016
86.34311415
96.21676594
32.02068097
62.43079083
19.87252862
43.82039823
97.15262707
66.95354004
86.11272424
5.67772587
46.5113738
98.57590928
47.92936559
95.33874961
33.7733359
49.08297368
19.23007271
13.12520195
73.02114257
13.93384966
4.283229075
64.61253208
65.8664043
92.51864739
12.26929932
84.95703247
55.04760139
39.955339
22.61009324
80.08475482
37.24691788
47.86685477
46.26844084
70.46582259
68.17575347
56.62614846
35.49756941
79.21818159
