11
11
1.187989348
0.9387121397
-0.6330008867
0.3614667429
-1.09935852
-0.3673296404
-0.9203940858
-0.6460096972
-0.271172579
-0.378169174
0.1211859494
0.9387121397
0.8311493414
-0.5365996785
0.3120196653
-0.9211989273
-0.3188400653
-0.7926145727
-0.5574877707
-0.2200917232
-0.3118902492
0.1200016119
-0.6330008867
-0.5365996785
0.4006154634
-0.1988229589
0.6246722645
0.2213457571
0.5258586926
0.3707621606
0.146268128
0.2210517799
-0.08005469896
0.3614667429
0.3120196653
-0.1988229589
0.1648233226
-0.3580659754
-0.1193104795
-0.3087705484
-0.213379493
-0.08991553283
-0.1181300819
0.05086971507
-1.09935852
-0.9211989273
0.6246722645
-0.3580659754
1.124905824
0.3852404232
0.9218006555
0.6741139969
0.242424765
0.3719402466
-0.1560702182
-0.3673296404
-0.3188400653
0.2213457571
-0.1193104795
0.3852404232
0.2026351542
0.3218152466
0.257940504
0.06978575202
0.1192902584
-0.09580346039
-0.9203940858
-0.7926145727
0.5258586926
-0.3087705484
0.9218006555
0.3218152466
0.8199633402
0.5599496655
0.221926956
0.3161502075
-0.1136287169
-0.6460096972
-0.5574877707
0.3707621606
-0.213379493
0.6741139969
0.257940504
0.5599496655
0.4562979524
0.126819092
0.2211894273
-0.1261199822
-0.271172579
-0.2200917232
0.146268128
-0.08991553283
0.242424765
0.06978575202
0.221926956
0.126819092
0.131992859
0.08136557097
0.008970404922
-0.378169174
-0.3118902492
0.2210517799
-0.1181300819
0.3719402466
0.1192902584
0.3161502075
0.2211894273
0.08136557097
0.1713159839
-0.03880529714
0.1211859494
0.1200016119
-0.08005469896
0.05086971507
-0.1560702182
-0.09580346039
-0.1136287169
-0.1261199822
0.008970404922
-0.03880529714
0.11119803
