50
1
0.9608541437
1.777098857
-6.192512462
-1.577621847
-0.006026635312
-0.842365179
0.2001570177
1.648827338
1.830082328
-3.158325735
-1.251819678
-4.057965054
2.691669853
0.1973640769
-0.02045472729
-4.721273493
-3.968402509
-1.470462424
-1.502194043
2.000110391
2.723222295
-6.168140584
-2.109459637
2.488708655
1.81158286
-4.14751738
-1.407902431
-1.221775214
1.960736829
0.4872556129
1.802009296
-3.202803795
2.372630093
-0.1462937875
-0.7088039359
2.841508486
-3.413606441
0.8117136355
2.146902093
-0.8625463114
1.822731339
2.614163012
-5.245552763
1.800944809
-1.025770518
-3.320477399
-4.446451928
1.448274502
1.933995792
1.809134553
