50
1
1.46492711
-1.894499097
0.3893926059
1.487296045
0.9216143533
-0.333331477
-0.7307418643
-0.06927456891
-0.03848639054
1.503298898
2.181883034
-0.9068172035
0.2789214643
1.482781091
-0.2051793816
-0.6144704213
-0.8977357294
-1.698078939
0.2138469405
0.5946132562
0.008502590168
0.9716848035
-0.9296006926
1.124261263
0.7755373614
-1.709057655
0.6774921414
0.8794095606
-0.2512370123
0.9693207702
0.1657204238
-0.2121294102
-0.6256260722
0.2403649333
-0.1218006306
0.8222252317
-0.2301847726
-1.376986683
-0.8328966411
-0.4627928963
-0.05215125348
-1.497579583
0.7040968475
0.3664398512
0.474026762
-0.1204678257
0.4374060882
-2.502708614
-0.9916355154
0.1704069041
