50
1
1.439688613
1.848423853
-6.447673004
-1.340683891
-0.1860622718
-0.9605580039
0.07230242488
1.203327336
2.638998922
-3.139976655
-1.096875256
-3.481938978
2.891328275
0.6118539699
-0.05554838271
-3.880840852
-4.031215841
-1.995962546
-1.287595053
1.705662445
3.136485591
-5.519700653
-2.342952102
2.170710913
1.571965159
-4.645976543
-1.328991297
-1.644697843
2.38580946
0.3591419069
1.702464909
-3.050544607
2.280495568
-0.2145665687
-0.508824574
2.973922486
-3.897884908
0.01548917723
1.935174749
-1.260618658
1.589688229
2.717719266
-6.156559214
1.582013831
-0.8738792904
-3.003991084
-4.26777023
1.42194009
2.158289371
2.194143717
