50
1
0.8034205921
1.780302399
-6.461635854
-1.800448554
-0.1794814868
-1.071400565
-0.008127812816
1.592265567
1.927914956
-3.196218813
-1.22790959
-4.054326814
2.665155845
-0.01160360267
0.01954293198
-4.767110162
-3.961924021
-1.34751098
-1.712785062
2.356525723
2.962439793
-6.425449106
-2.323944305
2.803186477
2.099131522
-4.144467842
-1.632699489
-1.730772612
2.057152431
0.5366192854
2.063082609
-3.239251692
2.70879738
-0.3094207923
-0.9175041817
2.951773314
-3.371264587
0.6442338503
1.95893296
-1.091502254
1.971691617
2.55446255
-5.341165633
2.046949367
-1.253867421
-3.353111628
-4.973954904
1.612357864
2.282061239
2.006286886
