998
2
2
3
4
5
6
7
8
9
10
11
12
13
14
15
16
17
18
19
20
21
22
23
24
25
26
27
28
29
30
31
32
33
34
35
36
37
38
39
40
41
42
43
44
45
46
47
48
49
50
51
52
53
54
55
56
57
58
59
60
61
62
63
64
65
66
67
68
69
70
71
72
73
74
75
76
77
78
79
80
81
82
83
84
85
86
87
88
89
90
91
92
93
94
95
96
97
98
99
100
101
102
103
104
105
106
107
108
109
110
111
112
113
114
115
116
117
118
119
120
121
122
123
124
125
126
127
128
129
130
131
132
133
134
135
136
137
138
139
140
141
142
143
144
145
146
147
148
149
150
151
152
153
154
155
156
157
158
159
160
161
162
163
164
165
166
167
168
169
170
171
172
173
174
175
176
177
178
179
180
181
182
183
184
185
186
187
188
189
190
191
192
193
194
195
196
197
198
199
200
201
202
203
204
205
206
207
208
209
210
211
212
213
214
215
216
217
218
219
220
221
222
223
224
225
226
227
228
229
230
231
232
233
234
235
236
237
238
239
240
241
242
243
244
245
246
247
248
249
250
251
252
253
254
255
256
257
258
259
260
261
262
263
264
265
266
267
268
269
270
271
272
273
274
275
276
277
278
279
280
281
282
283
284
285
286
287
288
289
290
291
292
293
294
295
296
297
298
299
300
301
302
303
304
305
306
307
308
309
310
311
312
313
314
315
316
317
318
319
320
321
322
323
324
325
326
327
328
329
330
331
332
333
334
335
336
337
338
339
340
341
342
343
344
345
346
347
348
349
350
351
352
353
354
355
356
357
358
359
360
361
362
363
364
365
366
367
368
369
370
371
372
373
374
375
376
377
378
379
380
381
382
383
384
385
386
387
388
389
390
391
392
393
394
395
396
397
398
399
400
401
402
403
404
405
406
407
408
409
410
411
412
413
414
415
416
417
418
419
420
421
422
423
424
425
426
427
428
429
430
431
432
433
434
435
436
437
438
439
440
441
442
443
444
445
446
447
448
449
450
451
452
453
454
455
456
457
458
459
460
461
462
463
464
465
466
467
468
469
470
471
472
473
474
475
476
477
478
479
480
481
482
483
484
485
486
487
488
489
490
491
492
493
494
495
496
497
498
499
500
501
502
503
504
505
506
507
508
509
510
511
512
513
514
515
516
517
518
519
520
521
522
523
524
525
526
527
528
529
530
531
532
533
534
535
536
537
538
539
540
541
542
543
544
545
546
547
548
549
550
551
552
553
554
555
556
557
558
559
560
561
562
563
564
565
566
567
568
569
570
571
572
573
574
575
576
577
578
579
580
581
582
583
584
585
586
587
588
589
590
591
592
593
594
595
596
597
598
599
600
601
602
603
604
605
606
607
608
609
610
611
612
613
614
615
616
617
618
619
620
621
622
623
624
625
626
627
628
629
630
631
632
633
634
635
636
637
638
639
640
641
642
643
644
645
646
647
648
649
650
651
652
653
654
655
656
657
658
659
660
661
662
663
664
665
666
667
668
669
670
671
672
673
674
675
676
677
678
679
680
681
682
683
684
685
686
687
688
689
690
691
692
693
694
695
696
697
698
699
700
701
702
703
704
705
706
707
708
709
710
711
712
713
714
715
716
717
718
719
720
721
722
723
724
725
726
727
728
729
730
731
732
733
734
735
736
737
738
739
740
741
742
743
744
745
746
747
748
749
750
751
752
753
754
755
756
757
758
759
760
761
762
763
764
765
766
767
768
769
770
771
772
773
774
775
776
777
778
779
780
781
782
783
784
785
786
787
788
789
790
791
792
793
794
795
796
797
798
799
800
801
802
803
804
805
806
807
808
809
810
811
812
813
814
815
816
817
818
819
820
821
822
823
824
825
826
827
828
829
830
831
832
833
834
835
836
837
838
839
840
841
842
843
844
845
846
847
848
849
850
851
852
853
854
855
856
857
858
859
860
861
862
863
864
865
866
867
868
869
870
871
872
873
874
875
876
877
878
879
880
881
882
883
884
885
886
887
888
889
890
891
892
893
894
895
896
897
898
899
900
901
902
903
904
905
906
907
908
909
910
911
912
913
914
915
916
917
918
919
920
921
922
923
924
925
926
927
928
929
930
931
932
933
934
935
936
937
938
939
940
941
942
943
944
945
946
947
948
949
950
951
952
953
954
955
956
957
958
959
960
961
962
963
964
965
966
967
968
969
970
971
972
973
974
975
976
977
978
979
980
981
982
983
984
985
986
987
988
989
990
991
992
993
994
995
996
997
998
999
0
0
0
0
0
0
0
0
0
0
0
0
0
0
0
0
0
0
0
0
0
0
0
0
0
0
0
0
0
0
0
0
0
0
0
0
0
0
0
0
0
0
0
0
0
0
0
0
0
0
0
0
0
0
0
0
0
0
0
0
0
0
0
0
0
0
0
0
0
0
0
0
0
0
0
0
0
0
0
0
0
0
0
0
0
0
0
0
0
0
0
0
0
0
0
0
0
0
1
1
1
1
1
1
1
1
1
1
1
1
1
1
1
1
1
1
1
1
1
1
1
1
2
2
2
2
2
2
2
2
2
2
2
2
2
2
2
2
2
2
2
3
3
3
3
3
3
3
3
3
3
4
3
3
3
4
4
4
4
4
4
4
4
4
4
5
5
4
5
5
5
5
5
5
5
6
5
5
5
6
5
6
6
6
6
6
6
6
7
6
7
8
7
7
7
7
7
7
7
8
8
8
8
9
8
8
8
9
9
9
9
9
10
9
10
10
10
10
10
10
13
11
13
12
11
12
11
12
12
12
12
13
13
14
13
14
13
13
14
14
14
14
14
14
14
15
15
15
15
15
16
16
17
16
19
17
17
17
17
17
18
20
20
19
19
19
19
19
20
21
20
22
21
21
20
21
22
22
22
22
24
23
23
23
23
24
25
24
25
26
27
26
25
26
25
26
27
27
26
28
28
28
28
28
29
30
31
30
29
30
30
31
31
34
31
33
33
32
35
34
33
34
35
35
37
36
35
37
37
36
37
37
38
39
38
39
41
40
40
42
41
41
41
42
42
42
42
44
43
45
47
45
45
46
47
47
47
47
47
48
50
50
50
50
51
50
52
52
52
52
54
55
54
55
53
55
56
56
56
64
58
57
68
59
59
60
59
60
66
63
61
62
63
64
64
64
67
66
67
68
67
68
68
69
69
72
69
72
73
72
72
75
75
74
76
74
78
78
76
79
78
79
78
80
81
83
81
82
83
88
84
85
88
86
86
87
89
94
87
90
90
92
91
93
95
94
100
95
98
96
96
97
98
111
100
100
101
102
104
110
103
104
104
106
109
107
109
110
111
112
112
112
113
112
115
113
117
116
119
118
134
119
119
124
121
122
124
124
125
126
125
132
127
128
128
132
130
132
131
137
135
135
134
139
137
138
138
142
140
144
184
144
142
143
147
144
146
149
146
157
151
190
176
168
166
156
153
160
164
161
163
158
161
162
162
163
164
173
166
169
171
171
173
173
193
174
177
174
177
178
179
180
185
184
186
183
183
185
186
189
192
188
190
227
192
201
192
200
198
199
199
201
201
204
215
206
207
208
207
214
211
216
210
247
218
217
219
217
221
224
221
224
225
236
227
234
230
233
228
233
235
234
245
238
249
244
242
246
258
244
245
254
250
251
246
259
257
257
255
271
258
261
260
276
264
268
264
280
301
273
265
282
289
276
277
279
289
277
328
283
286
286
292
305
291
298
290
300
295
308
309
309
309
304
305
305
316
322
317
328
320
318
309
318
333
322
324
340
327
344
335
335
343
348
333
353
355
339
343
355
349
394
360
346
366
366
344
386
369
356
367
371
362
370
364
368
376
375
379
376
394
390
403
382
407
397
387
391
393
419
395
396
404
410
417
415
403
417
408
410
411
423
426
428
416
424
411
438
444
425
445
439
464
454
442
453
456
441
441
456
454
465
458
511
474
464
466
470
484
474
463
484
490
492
473
495
480
486
476
498
526
505
503
510
517
512
609
513
510
549
518
522
531
531
512
536
536
539
554
546
535
538
520
551
544
550
556
551
549
570
535
599
572
574
571
575
576
577
572
603
604
620
593
601
596
593
580
624
594
612
613
625
610
601
602
624
640
722
626
638
635
633
611
625
645
648
640
657
648
664
690
657
680
663
680
683
671
679
652
665
684
685
682
694
708
689
681
709
712
714
718
705
732
719
689
729
734
715
729
738
773
734
738
756
741
757
754
758
765
782
738
766
778
828
770
775
818
795
769
783
799
810
801
792
815
825
782
809
828
835
827
843
828
840
962
837
839
835
845
862
848
859
818
883
871
891
864
909
1010
906
851
895
987
1111
912
918
928
982
882
927
934
971
948
971
953
930
929
1011
949
989
949
967
973
976
974
961
1004
983
1004
993
1031
1000
941
1028
1018
1001
1015
1033
1036
1037
986
1063
1047
1045
1053
1049
1352
1370
1096
1068
1065
1082
1129
1065
1091
1116
1042
1155
1100
1116
1135
1130
1119
1168
1103
1131
1156
1172
1151
1164
1167
1191
1111
1190
1189
1180
1184
1199
1193
1212
1215
1237
1212
1216
1204
1231
1243
1243
