998
3
2
3
4
5
6
7
8
9
10
11
12
13
14
15
16
17
18
19
20
21
22
23
24
25
26
27
28
29
30
31
32
33
34
35
36
37
38
39
40
41
42
43
44
45
46
47
48
49
50
51
52
53
54
55
56
57
58
59
60
61
62
63
64
65
66
67
68
69
70
71
72
73
74
75
76
77
78
79
80
81
82
83
84
85
86
87
88
89
90
91
92
93
94
95
96
97
98
99
100
101
102
103
104
105
106
107
108
109
110
111
112
113
114
115
116
117
118
119
120
121
122
123
124
125
126
127
128
129
130
131
132
133
134
135
136
137
138
139
140
141
142
143
144
145
146
147
148
149
150
151
152
153
154
155
156
157
158
159
160
161
162
163
164
165
166
167
168
169
170
171
172
173
174
175
176
177
178
179
180
181
182
183
184
185
186
187
188
189
190
191
192
193
194
195
196
197
198
199
200
201
202
203
204
205
206
207
208
209
210
211
212
213
214
215
216
217
218
219
220
221
222
223
224
225
226
227
228
229
230
231
232
233
234
235
236
237
238
239
240
241
242
243
244
245
246
247
248
249
250
251
252
253
254
255
256
257
258
259
260
261
262
263
264
265
266
267
268
269
270
271
272
273
274
275
276
277
278
279
280
281
282
283
284
285
286
287
288
289
290
291
292
293
294
295
296
297
298
299
300
301
302
303
304
305
306
307
308
309
310
311
312
313
314
315
316
317
318
319
320
321
322
323
324
325
326
327
328
329
330
331
332
333
334
335
336
337
338
339
340
341
342
343
344
345
346
347
348
349
350
351
352
353
354
355
356
357
358
359
360
361
362
363
364
365
366
367
368
369
370
371
372
373
374
375
376
377
378
379
380
381
382
383
384
385
386
387
388
389
390
391
392
393
394
395
396
397
398
399
400
401
402
403
404
405
406
407
408
409
410
411
412
413
414
415
416
417
418
419
420
421
422
423
424
425
426
427
428
429
430
431
432
433
434
435
436
437
438
439
440
441
442
443
444
445
446
447
448
449
450
451
452
453
454
455
456
457
458
459
460
461
462
463
464
465
466
467
468
469
470
471
472
473
474
475
476
477
478
479
480
481
482
483
484
485
486
487
488
489
490
491
492
493
494
495
496
497
498
499
500
501
502
503
504
505
506
507
508
509
510
511
512
513
514
515
516
517
518
519
520
521
522
523
524
525
526
527
528
529
530
531
532
533
534
535
536
537
538
539
540
541
542
543
544
545
546
547
548
549
550
551
552
553
554
555
556
557
558
559
560
561
562
563
564
565
566
567
568
569
570
571
572
573
574
575
576
577
578
579
580
581
582
583
584
585
586
587
588
589
590
591
592
593
594
595
596
597
598
599
600
601
602
603
604
605
606
607
608
609
610
611
612
613
614
615
616
617
618
619
620
621
622
623
624
625
626
627
628
629
630
631
632
633
634
635
636
637
638
639
640
641
642
643
644
645
646
647
648
649
650
651
652
653
654
655
656
657
658
659
660
661
662
663
664
665
666
667
668
669
670
671
672
673
674
675
676
677
678
679
680
681
682
683
684
685
686
687
688
689
690
691
692
693
694
695
696
697
698
699
700
701
702
703
704
705
706
707
708
709
710
711
712
713
714
715
716
717
718
719
720
721
722
723
724
725
726
727
728
729
730
731
732
733
734
735
736
737
738
739
740
741
742
743
744
745
746
747
748
749
750
751
752
753
754
755
756
757
758
759
760
761
762
763
764
765
766
767
768
769
770
771
772
773
774
775
776
777
778
779
780
781
782
783
784
785
786
787
788
789
790
791
792
793
794
795
796
797
798
799
800
801
802
803
804
805
806
807
808
809
810
811
812
813
814
815
816
817
818
819
820
821
822
823
824
825
826
827
828
829
830
831
832
833
834
835
836
837
838
839
840
841
842
843
844
845
846
847
848
849
850
851
852
853
854
855
856
857
858
859
860
861
862
863
864
865
866
867
868
869
870
871
872
873
874
875
876
877
878
879
880
881
882
883
884
885
886
887
888
889
890
891
892
893
894
895
896
897
898
899
900
901
902
903
904
905
906
907
908
909
910
911
912
913
914
915
916
917
918
919
920
921
922
923
924
925
926
927
928
929
930
931
932
933
934
935
936
937
938
939
940
941
942
943
944
945
946
947
948
949
950
951
952
953
954
955
956
957
958
959
960
961
962
963
964
965
966
967
968
969
970
971
972
973
974
975
976
977
978
979
980
981
982
983
984
985
986
987
988
989
990
991
992
993
994
995
996
997
998
999
0
0
0
0
0
0
0
0
0
0
0
0
0
0
0
0
0
0
0
0
0
0
0
0
0
0
0
0
0
0
0
0
0
0
0
0
0
0
0
0
0
0
0
0
0
0
0
0
0
0
0
0
0
0
0
0
0
0
0
0
0
0
0
0
0
0
0
0
0
0
0
0
0
0
0
0
0
0
0
0
0
0
0
0
0
0
0
0
0
0
0
0
0
0
0
0
0
0
0
1
1
1
1
1
1
1
1
1
1
1
1
1
1
1
1
2
1
1
1
1
1
1
2
1
1
1
2
2
2
2
2
2
2
2
2
2
2
2
2
2
2
2
2
2
2
3
3
3
3
3
3
3
3
3
3
3
3
3
3
3
4
4
4
4
4
4
4
4
4
4
4
4
5
5
5
5
5
5
6
6
6
5
5
6
6
6
6
6
6
6
6
6
6
6
7
7
7
7
7
7
7
7
8
8
8
8
8
8
8
9
8
9
9
9
9
9
9
10
9
10
10
10
10
10
10
10
11
11
11
11
11
12
12
12
12
13
12
12
13
13
13
13
13
13
13
14
14
14
14
15
14
15
15
15
16
15
16
16
16
16
16
16
17
17
17
17
18
18
19
19
20
19
19
19
19
20
20
20
20
20
21
21
21
21
22
22
22
22
22
23
23
24
23
24
24
26
24
25
25
25
26
26
26
28
27
27
27
28
28
28
28
28
30
31
30
30
30
32
30
31
31
31
32
32
32
32
33
33
33
33
33
34
34
34
34
35
35
36
36
36
36
37
37
40
39
38
39
39
41
39
39
40
41
41
42
42
42
48
44
44
44
44
45
45
45
46
48
48
49
47
51
51
49
49
50
50
50
50
55
51
53
53
52
53
53
54
54
55
56
57
56
57
57
57
58
58
58
59
59
60
60
60
61
61
62
65
63
64
64
64
65
65
66
67
66
68
69
68
69
69
70
72
71
71
72
72
77
74
74
77
76
75
76
77
78
80
78
80
79
79
80
80
81
81
82
83
83
87
85
85
85
86
88
88
89
89
89
90
90
95
91
92
96
95
93
93
94
95
95
95
101
97
97
98
99
99
99
100
101
103
104
105
103
106
106
107
107
108
109
109
118
111
112
112
112
112
115
115
116
118
118
117
118
119
119
120
121
122
129
122
124
124
125
127
127
127
133
131
129
132
130
131
133
134
138
136
136
138
137
138
140
141
153
141
142
143
143
144
146
152
147
148
148
148
151
151
155
153
153
154
155
156
158
160
157
159
160
160
163
167
165
164
165
167
166
172
168
169
171
171
174
176
174
174
176
179
179
185
181
180
182
182
183
188
186
186
187
188
190
198
192
194
192
194
198
195
196
198
198
204
200
203
204
204
215
206
209
210
210
216
212
213
215
214
221
219
220
219
221
225
224
222
224
228
230
229
230
231
237
232
234
235
240
237
236
237
240
246
244
244
248
267
245
247
249
255
251
252
254
259
257
258
261
270
258
260
261
268
267
270
269
274
273
272
272
277
275
276
280
286
282
281
286
289
288
287
290
291
296
296
299
298
294
302
302
304
306
308
308
308
314
311
312
317
314
314
317
315
318
321
322
319
320
333
324
326
330
331
329
336
333
337
342
336
336
347
345
348
351
348
351
354
354
354
362
357
358
364
356
364
362
361
363
368
367
367
377
380
373
378
378
382
380
378
385
384
382
387
389
390
397
396
403
399
401
403
400
411
402
404
416
420
415
414
412
418
415
428
418
419
428
423
429
427
427
434
436
441
438
441
437
444
446
443
456
448
449
453
457
457
464
494
476
475
470
473
473
516
483
474
488
485
486
487
491
485
491
492
493
497
503
500
499
497
500
513
505
508
504
511
514
522
518
529
554
548
534
530
524
530
532
535
539
540
542
544
550
551
555
556
556
563
567
560
567
567
568
566
578
578
577
577
574
589
577
589
582
592
599
597
604
595
599
604
604
606
606
611
611
617
612
619
620
620
625
635
627
632
640
633
636
639
649
639
643
649
647
655
654
656
662
661
671
667
673
684
674
673
677
680
682
686
691
693
696
700
696
696
705
707
708
707
707
718
717
714
721
738
788
778
797
807
743
747
741
752
743
749
752
753
758
807
763
781
767
766
760
769
778
778
788
787
793
791
793
796
795
803
801
802
813
810
816
821
818
825
823
826
827
830
839
842
839
848
847
850
852
856
866
851
860
866
864
860
867
874
880
889
901
914
908
905
916
916
903
912
914
925
930
942
926
939
948
944
948
941
946
957
0
0
0
0
0
0
0
0
0
0
0
0
0
0
0
0
0
0
0
0
0
0
0
0
0
0
0
0
0
0
0
0
0
0
0
0
0
0
0
0
0
0
0
0
0
0
0
0
0
0
0
0
0
0
0
0
0
0
0
0
0
0
0
0
0
0
0
0
0
0
0
0
0
0
0
0
0
0
0
0
0
0
0
0
0
0
0
0
0
0
0
0
0
0
0
0
0
0
0
353702000
364208000
374920000
385840000
396970000
408312000
419868000
431640000
443630000
455840000
468272000
480928000
493810000
506920000
520260000
533832000
273819000
561680000
575960000
590480000
605242000
620248000
635500000
325500000
666750000
682752000
699008000
357760000
366145000
374660000
383306000
392084000
400995000
410040000
419220000
428536000
437989000
447580000
457310000
467180000
477191000
487344000
497640000
508080000
518665000
529396000
360182666.7
367533333.3
374983333.3
382533333.3
390184000
397936000
405790000
413746666.7
421806666.7
429970666.7
438239333.3
446613333.3
455093333.3
463680000
472374000
360882000
367565000
374330000
381177500
388108000
395122000
402220000
409402500
416670000
424023000
431462000
438987500
357280000
363440000
369670400
375971600
382344000
388788000
329420000
334910333.3
340461333.3
415288000
422096000
357481666.7
363278666.7
369138000
375060000
381045000
387093333.3
393205333.3
399381333.3
405621666.7
411926666.7
418296666.7
364056000
369628285.7
375257142.9
380942857.1
386685714.3
392486000
398344000
404260000
358955000
364233750
369564000
374946000
380380000
385866250
391405000
352885777.8
402641000
362967777.8
368080000
373240000
378448000
383704222.2
389008888.9
354926000
399764444.4
364694200
369644800
374640000
379680000
384765000
389895200
395070800
363901818.2
368690000
373520000
378392000
383306181.8
355907500
360490000
365111666.7
369772666.7
345667538.5
379213333.3
383993333.3
358904615.4
363390923.1
367914461.5
372475384.6
377073846.2
381710000
386384000
363160571.4
367571428.6
372017857.1
376500000
355616800
385572000
364151333.3
368469333.3
372821333.3
353632000
381627866.7
361952500
366161250
370402500
374676375
378983000
383322500
364889411.8
369035882.4
373213647.1
377422823.5
360460000
364495000
349162105.3
353041684.2
339102400
360886842.1
364852631.6
368847368.4
372871157.9
358077900
361956000
365862000
369796000
373758100
359760381
363587619
367441904.8
371323333.3
358176000
361933090.9
365716363.6
369525909.1
373361818.2
360823130.4
364542956.5
352942916.7
372059130.4
360195000
363858000
339273000
371258333.3
359996000
363608000
367244080
356638769.2
360181538.5
363747692.3
341098928.6
357211555.6
360713629.6
364238518.5
354651071.4
358094285.7
361559714.3
365047428.6
368557500
347284000
339292258.1
353941066.7
357301266.7
360682666.7
341330000
367509333.3
358988451.6
362343483.9
365719354.8
357581250
360892187.5
364223500
367575250
359706666.7
362996666.7
366306666.7
369636727.3
372986909.1
365287941.2
368578823.5
371889411.8
375219764.7
367753657.1
371027428.6
363922777.8
367143333.3
370382833.3
373641333.3
366731891.9
369939459.5
345178250
357107487.2
369682842.1
363317948.7
366450000
351570731.7
372768000
375954051.3
369679250
363727804.9
366810243.9
361102666.7
364145666.7
367205714.3
323997500
356405454.5
359375500
362362000
365365000
360198222.2
363166888.9
366151822.2
361128000
348910000
351754375
347377142.9
365095574.5
339181333.3
341916666.7
358734693.9
361612244.9
357215040
360065160
362930400
365810800
335187636.4
364330627.5
353342792.5
356117735.8
365809230.8
361711132.1
364529660.4
360559777.8
363354814.8
359506727.3
355810000
352256701.8
361298000
357675964.9
360406315.8
363150526.3
359599862.1
362324103.4
365062069
361579661
364298305.1
360913366.7
363613466.7
366327000
363003934.4
365699508.2
362466322.6
348291815.4
361997460.3
358961406.2
361594375
364240187.5
361254276.9
363884769.2
360974545.5
358163582.1
366218666.7
358010852.9
355360579.7
363174411.8
360473623.2
363048434.8
360412114.3
352891666.7
360400000
362950000
360435444.4
362973722.2
341788571.4
358137702.7
360642162.2
349009246.8
356062736.8
363315866.7
361019473.7
358794026
356636820.5
350113475
361555897.4
354931500
361880506.3
364347873.4
362241100
364699750
362636543.2
365086790.1
363065756.1
361104192.8
363527710.8
349136206.9
359738823.5
362137082.4
364545976.5
362698488.4
356802727.3
359160454.5
357466427
359818179.8
362180224.7
360502000
362858222.2
346002336.8
363561846.2
361945217.4
349111666.7
355067473.7
365043354.8
367393419.4
365820000
364289578.9
366619789.5
368959915.8
349251960.4
365965463.9
368286597.9
366835714.3
365423757.6
367726848.5
370039596
368638400
367274455.4
362393805.8
361147769.2
359934666.7
369202718.4
360977264.2
363210113.2
362036710.3
364266915.9
363112685.2
361988623.9
364204880.7
338482101.7
362021891.9
360972857.1
363165000
365366000
367575875
360147826.1
362317391.3
361353448.3
357360186.4
359500067.8
364739487.2
363805423.7
362895546.2
365051361.3
364155566.7
363282975.2
362433032.8
344786356.6
366713704.9
362917161.3
365043629
364240960
360597322.8
362697889.8
364806598.4
350370526.3
357779847.3
365426976.7
359182136.4
366808061.5
366100000
362663157.9
362017537.3
353532985.5
360778000
362831764.7
359605000
364284087.6
363691391.3
360521200
359982907.8
333616209.2
364042836.9
363506140.8
362984461.5
365012307.7
364498750
361506575.3
349165671.1
363044136.1
362587027
364590270.3
366600878.4
361295311.3
363280450.3
355846451.6
362471568.6
364452287.6
364060727.3
363681341.9
363313910.3
360661012.7
358081375
366896254.8
364235962.3
363909000
365865500
361059141.1
354298934.1
360511078.8
364645487.8
364366787.9
361918024
366031518.1
355135395.3
365514761.9
365271065.1
362902222.2
364812233.9
360406023
358179261.4
364193103.4
366096551.7
363824727.3
359590268.2
361459888.3
351552108.1
361182983.4
365068122.2
362920703.3
364791428.6
364664918
356789840.4
362475655.9
364331333.3
364235080.2
364146117
362148210.5
349282989.9
362026500
360109948.5
365701875
363759690.7
358208040.4
365549733.3
365512244.9
363635353.5
365456565.7
356481382.4
365426040
361819803
361837451
363634656.9
346740986
363681398.1
360232727.3
360286333.3
362061142.9
353735055.6
362178905.7
362245586.9
360632186
364087663.6
354275257.9
359251771.7
359357636.4
362750958.9
361210316.7
356505520
359827000
364819819.8
363303571.4
358645833.3
357233704.3
360513135.4
360663130.4
360817272.7
353360000
362694448.3
361304136.8
361474425.5
355621166.7
361826751.1
365076576.3
365250962
362384000
355207804.9
359800655.7
361487221.3
357321322.6
333444868.9
365082285.7
363813076.9
362569445.8
355682541.2
363026294.8
363259722.2
362065354.3
356714486.5
361147112.8
361402596.9
358889808.4
348518222.2
366398883.7
365243146.2
365505134.1
357581268.7
360554456.9
358168970.4
361132074.3
356148759.1
359070769.2
362019154.4
363652323.5
358696707.6
362930472.7
363239529
359656000
353687384.6
360307971.6
363204448.4
358445454.5
356303460.2
359129694.4
361980341.5
359823172.4
360173333.3
355653783.8
357222844.6
355196548.5
357956174.5
364420000
356322483.4
357883019.9
357083315.8
356298562.1
355528474
357076493.5
358629000
353303465
358257974.3
358655641
354524542.6
359456662.4
361006044.6
359128706.6
362962222.2
361081132.1
359239570.1
359656546.6
364590344.8
365002000
352247357.4
363572567.9
362877509.2
360000121.2
360433323.3
364158784.2
358078785.7
362829213.2
360033264.1
356262339.2
364147797.6
365675690.5
355567256.5
359124869.6
357516551.7
355939829.1
360504143.7
358910108.3
357347175.1
358829943.5
360316807.9
353812022.1
360249882.4
360726033.5
356242005.5
365746404.5
359178054.9
362644663
365139584.5
364613994.5
361130000
363592021.8
365074054.5
356837029.2
355459000
363599892.8
360244925.9
361703407.4
359363036.6
362713052.6
366102460.3
360893485.7
363288406.2
366657068.1
363371447
362951156.8
363468594.9
358486166.2
360825176.8
355970322.6
360969473.7
360596289.3
360230565.8
364370600
356022092.5
365431442.8
365057727.7
355924826.9
353923000
359595469.9
361879492.8
365062213.6
361231311
365265734.9
355554696.3
365481052.6
366029336.5
359726747.7
365393262.4
361681118.9
364783606.6
366195672.1
361682161.3
361413119.3
358693288
362540913.2
361459551
366169263.2
361778918.9
361536502.2
365377629.8
356317701.8
364064794.6
364638663.7
362794856.5
360986783.4
362357619.3
358244586.2
337763421.1
351862100.8
353935115.8
359050195.7
358117543.3
359465539.1
330748837.2
354673291.9
362762873.4
353675426.2
357194268
357791028.8
358388644.8
356793710.8
362552099
359453034.6
360054329.3
360656470.6
359078816.9
356108008
359568220
361618276.6
364411589.5
363558464
355648222.2
362608871.3
361789488.2
365996587.3
362303604.7
361505151.8
357263984.7
361335135.1
355109735.3
340317963.9
345293627.7
355631685.4
359613943.4
365047938.9
362219834
362160842.1
361428579.4
360038367.3
360664333.3
360624487.1
360588011
357932654.5
358562105.3
357250738.7
357881802.2
359158431.7
355956625.2
354703280.4
360413625
357227851.9
358494617.3
359130985.9
361675000
355417647.1
356672062.3
358549753.9
359812253
362964878
354963871
363617525.1
357457755.5
363023436.4
358139155.4
355190050.1
357623152.4
354710145.7
361328672.3
360163472.5
358422202
359665284.8
359720112.2
360964818.5
359248297.9
360488510.6
358213925.4
362384392.2
359518982.2
360172580.6
361408871
359746803.2
355294107.1
361058245.6
359425696.2
356144250
361310208.5
360830452.8
360357965.6
356010909.1
362809374
361774606.5
359643648.7
361975517.8
358762396.9
360523486.2
360635872
358570525.7
360320771.6
356143308.5
359481379.3
357470716.2
352899558.5
359333234.4
361069390.8
360133825.7
359740150
359879483.9
358971020.4
357557510.9
357708759
357347574.7
356482097.1
359716724.1
360905215.5
357473815.6
357637725.6
358308655.4
359995770.9
361178670.4
356812618.4
358481774.1
361167000
358830624.1
351710514.9
330469137.1
335808280.2
328870574.7
325852168.5
355070524.9
354315863.5
358343255.1
354245489.4
359696796.8
357968878.5
357692180.9
358369471.4
357152728.2
336546703.8
357098925.3
349989295.8
357521084.7
359135219.3
363129421.1
360027334.2
356999434.4
358138794.3
354721177.7
356303024.1
354732105.9
356759203.5
356989145
356771542.7
358351949.7
355904545.5
357921098.6
358603680.8
354867660.5
357304407.4
355793676.5
354738879.4
357158327.6
355239173.3
357218760.6
357035932.2
357719758.2
357540628.9
354809449.3
354647814.7
357024696.1
354334799.5
355856000
355701280
355967230
355401880.8
352385542.7
359705866
357041218.6
355661836
357584259.3
360353953.5
358544350.6
356765970.3
355421500
352902519.7
349269389.6
345355647.7
348700845.8
350925569.1
347769519.7
348829792.6
354929426.4
352496083.3
352793829.3
349656940.5
348832000
345431881.1
352464241.9
348635708.2
346369156.1
348886631.4
348462016.9
352111581.3
351304439.7
348310344.8
